SCMBranch=BA_M360TestAutomation
SCMRepository=JLTA/JLTA/Tools/M360TestAutomation/M360/Screens/PolicyScreens
SCMMainlineUUID={e34aff96-9055-439e-8afa-e92c66a77ff1}
SCMBranchRepositoryID=65312250
PolicyCommentsScreen.cs;2060320627;1;1622185252;|385993|1118946
PolicyDocumentBuilderScreen.cs;1776729886;1;1622185253;|385496|1118944
PolicyEDIScreen.cs;3003234505;1;1622185253;|385495|1118945
PolicyProfileScreen.cs;1225598313;1;1622185253;|385489|1118947
PolicyRiskScreen.cs;3538720366;1;1622185254;|385490|1118948
PolicyScreen.cs;2353498896;1;1622185254;|385201|1111950
PolicyTransactionTabScreen.cs;2435706424;1;1622185254;|386587|1120020
PolicyUnderWriterScreen.cs;1771739358;1;1622185254;|385493|1118949
PolicyCreateNewScreen.cs;3540827760;8;1632194324;|385494|1133088
PolicyPremiumScreen.cs;1522894864;4;1632194324;|385488|1132710
PolicyPostingAnalysisScreen.cs;3656323884;3;1632194324;|386194|1132709
PolicySearchScreen.cs;1817929410;3;1632194324;|385492|1132711
