SCMBranch=BA_M360TestAutomation
SCMRepository=JLTA/JLTA/Tools/M360TestAutomation/M360/Screens/EDIScreens
SCMMainlineUUID={e34aff96-9055-439e-8afa-e92c66a77ff1}
SCMBranchRepositoryID=65312254
AccountDetailsScreen.cs;3181644453;1;1622185250;|385331|1117178
AddressScreen.cs;3771039709;1;1622185250;|385332|1118938
BuildingContentsScreen.cs;2906600639;1;1622185251;|385333|1118939
ConfirmScreen.cs;359204519;1;1622185251;|385334|1112314
CustomerScreen.cs;2612683893;1;1622185251;|385335|1114021
DirectDebitScreen.cs;896718352;1;1622185251;|385336|1112313
FloodScreen.cs;2851670722;1;1622185251;|385337|1118937
HistoryScreen.cs;3791101174;1;1622185251;|385338|1114023
PaymentScreen.cs;4292753903;1;1622185251;|385339|1117176
PolicyScreen.cs;2998189840;1;1622185251;|385340|1112317
PremiumPaymentScreen.cs;3067592298;1;1622185251;|385341|1112318
