SCMBranch=BA_M360TestAutomation
SCMRepository=JLTA/JLTA/Tools/M360TestAutomation/M360/Oracle
SCMMainlineUUID={e34aff96-9055-439e-8afa-e92c66a77ff1}
SCMBranchRepositoryID=65392237
EntityId.cs;1568111028;1;1632194347;|389611|1130954
EntityIdSet.cs;655110545;1;1632194347;|389605|1130948
OracleDB.cs;3611623358;1;1632194347;|389606|1132707
PolicyCreator.cs;2830878372;1;1632194347;|389607|1130950
TypeNumber28NtSet.cs;2704474992;1;1632194347;|389608|1130951
TypeVarchar2_100NtSet.cs;12568067;1;1632194347;|389609|1130952
TypeVarchar2_4kNtSet.cs;3282634913;1;1632194347;|389610|1130953
