SCMBranch=BA_M360TestAutomation
SCMRepository=JLTA/JLTA/Tools/M360TestAutomation/M360
SCMMainlineUUID={e34aff96-9055-439e-8afa-e92c66a77ff1}
SCMBranchRepositoryID=65312242
packages.config;341966665;1;1622185245;|384077|1113618
M360.csproj.vspscc;2444720319;1;1622185245;|385071|1108891
app.config;1250045044;6;1626857688;|384076|1127618
M360.csproj;4065388237;22;1632194323;|384075|1134249
app.Designer.cs;1252936063;1;1632194347;|389613|1130960
M360.sln;4201446167;1;1632194347;|389360|1130192
README.txt;980524108;1;1632194347;|389364|1130207
