SCMBranch=BA_M360TestAutomation
SCMRepository=JLTA/JLTA/Tools/M360TestAutomation/M360/Screens
SCMMainlineUUID={e34aff96-9055-439e-8afa-e92c66a77ff1}
SCMBranchRepositoryID=65312247
ClientScreen.cs;1665108474;1;1622185247;|385072|1108897
PolicyScreen.cs;3589370973;1;1622185247;|384082|1108899
ReportsScreen.cs;3082500477;1;1622185247;|384083|1108900
GeneralLedgerInquiryScreen.cs;828188092;1;1623398959;|387139|1121425
BaseScreen.cs;1109704725;4;1625209674;|384080|1125384
ExcelDocument.cs;2476958446;3;1625794662;|386250|1126179
WordDocument.cs;1187680087;5;1626829184;|385198|1127524
HomeScreen.cs;1276650822;23;1632192610;|384081|1134870
