SCMBranch=BA_M360TestAutomation
SCMRepository=JLTA/JLTA/Tools/M360TestAutomation/M360/Screens/ClientScreens
SCMMainlineUUID={e34aff96-9055-439e-8afa-e92c66a77ff1}
SCMBranchRepositoryID=65312256
ClientScreen.cs;1857763644;1;1622185249;|385199|1110029
ClientContacts.cs;1541229819;1;1623029199;|387027|1120901
ClientPolicyScreen.cs;1347501731;1;1623834070;|388009|1122664
ClientActionTab.cs;1359027873;3;1623838697;|385574|1122850
ClientPopUpMessage.cs;2128103890;1;1624280666;|388193|4294967295
ClientCurrentStatementTab.cs;995760004;3;1624501688;|387216|1124078
ClientDetails2.cs;3360401653;3;1624501688;|386863|1124173
ClientRecieptsTab.cs;2088005398;2;1625211540;|385575|1124445
ClientFundingTab.cs;2988613644;3;1626829184;|385487|1127525
ClientFinancialsTab.cs;4130003222;6;1632194323;|385576|1130174
ClientReAssignScreen.cs;3901359010;3;1632194323;|386687|1129025
ClientDetails1.cs;3321893325;4;1632194323;|386835|1134145
ClientSearchScreen.cs;2808084323;6;1632194324;|385486|1134251
ClientProfileTab.cs;2421862251;5;1632194324;|385485|1134865
ClientNewClientScreen.cs;1055624562;17;1632194324;|385484|1134250
